1 0 0 0 0 1 0 0 0 0 1 0
0.999962596 -0.00859267133 0.000985945999 0.992905099 0.00859305278 0.999963006 -0.000383311606 0.263741367 -0.000982615854 0.000391769555 0.99999944 -0.0192543625
0.999841647 -0.017734221 0.0014758808 1.97574802 0.0177364519 0.999841553 -0.00151244642 0.525440189 -0.00144882489 0.00153838381 0.999997767 -0.0340851095
0.999605999 -0.0280174158 0.00169458707 2.83475217 0.0280207172 0.999605427 -0.0019569066 0.725115258 -0.00163909097 0.00200361912 0.999996649 -0.051433198
0.999292853 -0.0375428504 0.00208069223 3.79977221 0.0375479885 0.999291728 -0.00248797383 0.982033577 -0.00198581291 0.00256434027 0.99999474 -0.0650283871
0.998852134 -0.0477988952 0.00311140298 4.75021207 0.0478088973 0.998851299 -0.00322378832 1.19271701 -0.00295373538 0.00336884058 0.999989963 -0.0842307448
0.998392925 -0.0565694193 0.00338653698 5.6510014 0.0565814459 0.998391613 -0.00356751315 1.48672874 -0.00317927798 0.00375339505 0.999987902 -0.0890210493
0.997726984 -0.067275033 0.00386465982 6.55747726 0.0672888255 0.997727198 -0.00355704577 1.69630782 -0.00361657584 0.00380900897 0.999986206 -0.105110922
0.997078691 -0.0762567211 0.00435841797 7.44666903 0.0762729904 0.997080119 -0.00369696515 1.99137276 -0.00406377347 0.00401859475 0.999983668 -0.120995937
0.996263481 -0.0862055715 0.00526072207 8.34340631 0.0862257563 0.99626861 -0.00373851507 2.23990379 -0.00491881143 0.00417815578 0.999979174 -0.144826531
0.995431357 -0.095344716 0.00507929031 9.26652277 0.095367963 0.995431692 -0.00454961614 2.54224512 -0.00462230468 0.00501323213 0.999976751 -0.164504936
0.994358892 -0.105866512 0.00653262825 10.131723 0.10590365 0.994360472 -0.00562739657 2.78092849 -0.00590003447 0.006287481 0.999962828 -0.177033508
0.993321807 -0.115130069 0.0075401652 11.0279463 0.115174758 0.99332839 -0.00578664966 3.08103501 -0.00682364278 0.006616442 0.999954829 -0.208859425
0.992352196 -0.123160548 0.00828245413 11.8847681 0.123201523 0.992370864 -0.00463180523 3.4466923 -0.00764881049 0.00561679306 0.999954973 -0.218404819
0.991094161 -0.13294073 0.00768940877 12.7518948 0.132975188 0.991110652 -0.00415627385 3.72271703 -0.00706851686 0.00514175932 0.999961798 -0.228392455
0.989717344 -0.142845178 0.00740507418 13.5783856 0.142875741 0.989733437 -0.00377445538 3.99630541 -0.00678988677 0.00479364941 0.999965459 -0.254820242
0.988378418 -0.151795806 0.00813234587 14.4504936 0.151824223 0.988402971 -0.00299535615 4.34837013 -0.00758335232 0.00419523247 0.999962446 -0.274099997
0.986938435 -0.16087677 0.0084373757 15.2444776 0.160902989 0.986967004 -0.00252214834 4.66028645 -0.00792165634 0.0038468041 0.999961224 -0.299615159
0.985453052 -0.169746431 0.00827236049 16.0996934 0.169774938 0.985478682 -0.00286998158 5.01767608 -0.00766506579 0.0042326716 0.999961665 -0.312517003
0.98379285 -0.179112398 0.00838906106 16.9216835 0.179145866 0.983816586 -0.0034181554 5.32438624 -0.0076410634 0.00486562246 0.999958969 -0.333465249
0.982198769 -0.187628214 0.00901281266 17.7549892 0.187660226 0.982229897 -0.00284060676 5.67424955 -0.00831967608 0.00448138692 0.999955349 -0.352537821
0.980557957 -0.195970982 0.0100730813 18.5672529 0.195997911 0.980602752 -0.00174993285 6.01171993 -0.00953475515 0.00369021347 0.999947734 -0.372314817
0.978937242 -0.20390562 0.0102164035 19.3636466 0.203932564 0.978983534 -0.00165787415 6.40236463 -0.00966364091 0.0037064121 0.999946437 -0.394188665
0.977040163 -0.212772979 0.0109626215 20.1249053 0.212804842 0.977093041 -0.00181347996 6.72854301 -0.0103256416 0.00410474168 0.999938264 -0.415387756
0.975289433 -0.220602317 0.0120473958 20.8942395 0.220637806 0.975354357 -0.00168412839 7.10342464 -0.0113789573 0.00430062359 0.999926009 -0.43950013
0.973333002 -0.229048559 0.0126342742 21.6526432 0.229078319 0.973407539 -0.000941347734 7.45646129 -0.0120826834 0.00381048312 0.999919741 -0.460084266
0.97139826 -0.237141819 0.0122138816 22.4238091 0.237173253 0.971466662 -0.00117194382 7.83511861 -0.0115874619 0.00403523021 0.999924721 -0.474810764
0.969370634 -0.24531351 0.0119103091 23.1755514 0.245340422 0.969436634 